2.734813 0.223333 2.082199 0.280000
1.632812 0.243333 1.461991 0.185000
1.422933 0.233333 1.404737 0.290000
1.400173 0.278333 1.395860 0.290000
1.400502 0.278333 1.412485 0.290000
1.401426 0.228333 1.404550 0.185000
1.396119 0.276667 1.381529 0.290000
1.392777 0.278333 1.391762 0.290000
1.390002 0.278333 1.391895 0.290000
1.387439 0.278333 1.390902 0.290000
1.388030 0.266667 1.391417 0.185000
1.389855 0.251667 1.400039 0.185000
1.389188 0.225000 1.393220 0.290000
1.385997 0.278333 1.385305 0.290000
1.385112 0.278333 1.381661 0.290000
1.387978 0.278333 1.380188 0.290000
1.386297 0.278333 1.398138 0.290000
1.385732 0.278333 1.392226 0.290000
1.384791 0.278333 1.387688 0.290000
1.387372 0.258333 1.384654 0.290000
1.386776 0.278333 1.383723 0.290000
1.386124 0.278333 1.380493 0.290000
1.385659 0.278333 1.387712 0.290000
1.384846 0.278333 1.396836 0.290000
1.386835 0.258333 1.405728 0.220000
1.386968 0.273333 1.382162 0.290000
1.387833 0.278333 1.380144 0.290000
1.387242 0.278333 1.399585 0.290000
1.386492 0.263333 1.389734 0.290000
1.384692 0.278333 1.379644 0.290000
1.388381 0.278333 1.387720 0.290000
1.385652 0.278333 1.399850 0.290000
1.385746 0.278333 1.390353 0.290000
1.386214 0.278333 1.382572 0.290000
1.385686 0.278333 1.385379 0.290000
1.386500 0.278333 1.383583 0.290000
1.553923 0.250000 1.401525 0.235000
1.395453 0.256333 1.390776 0.259500
1.389897 0.245667 1.389103 0.259500
1.389043 0.246833 1.387254 0.244500
1.390258 0.241167 1.390911 0.261000
1.390259 0.254000 1.394841 0.259500
1.388630 0.255000 1.394322 0.259500
